2.3603e+07 370.813
6.90636e+08 10574.1
7.13436e+08 10932.8
8.34452e+08 12774.8
8.48993e+08 13003
9.35646e+08 14298.8
1.01282e+09 15501.8
1.13631e+09 17393.9
1.14686e+09 17554.9
1.16339e+09 17811.6
1.20023e+09 18371
1.32743e+09 20324.9
1.34216e+09 20553.1
1.34702e+09 20632.1
1.35376e+09 20737.5
1.64365e+09 25192.7
1.91228e+09 29314
2.40155e+09 36780.3
2.40692e+09 36858.2
2.42675e+09 37165
2.49093e+09 38149.3
2.50543e+09 38372.9
3.44538e+09 52767.2
3.48703e+09 53411.9
3.52245e+09 53961.6
3.52393e+09 53982.5
3.53287e+09 54119.2
3.56013e+09 54536.9
3.65953e+09 56054.7
3.75706e+09 57544.9
3.76115e+09 57606.7
3.84072e+09 58822.1
4.08945e+09 62676.1
4.11936e+09 63140.2
5.25051e+09 80504.3
5.61735e+09 86117
5.66425e+09 86844.9
5.66457e+09 86848
5.68338e+09 87142.1
5.77242e+09 88514.5
5.79812e+09 88905.3
5.83226e+09 89417.9
5.9047e+09 90548.6
5.90605e+09 90567.4
5.95708e+09 91356.3
6.58402e+09 100991
6.76547e+09 103753
6.77894e+09 103958
6.82458e+09 104665
6.88078e+09 105498
6.96422e+09 106766
6.96657e+09 106798
6.96859e+09 106835
7.17946e+09 110093
7.19057e+09 110257
7.41488e+09 113667
7.50171e+09 114974
7.73982e+09 118640
7.76696e+09 119046
7.78887e+09 119381
7.79975e+09 119542
8.74379e+09 134004
9.17223e+09 140586
9.25331e+09 141815
9.31982e+09 142837
9.74474e+09 149351
9.92664e+09 152133
1.01362e+10 155388
1.0179e+10 156056
1.0186e+10 156171
1.0244e+10 157047
1.02483e+10 157113
1.02602e+10 157289
1.02768e+10 157534
1.04117e+10 159594
1.05338e+10 161488
1.0713e+10 164238
1.07161e+10 164282
1.08649e+10 166553
1.15483e+10 176981
1.15862e+10 177563
1.16171e+10 178037
1.16451e+10 178462
1.24841e+10 191296
1.25405e+10 192169
1.26137e+10 193285
1.26244e+10 193445
1.26252e+10 193463
1.27373e+10 195193
1.27981e+10 196121
1.28144e+10 196368
1.28193e+10 196447
1.28197e+10 196453
1.30294e+10 199665
1.30853e+10 200508
1.332e+10 204126
1.33219e+10 204157
1.34402e+10 205956
1.41664e+10 217188
1.41674e+10 217202
1.44575e+10 221654
1.44601e+10 221693
1.44606e+10 221700
1.44878e+10 222119
1.45382e+10 222891
1.51173e+10 231781
1.62379e+10 248952
1.62733e+10 249501
1.62767e+10 249557
1.63165e+10 250175
1.63305e+10 250391
1.63358e+10 250470
1.63682e+10 250967
1.63802e+10 251148
1.64943e+10 252907
1.66111e+10 254720
1.6637e+10 255111
1.66749e+10 255691
1.67011e+10 256080
1.68197e+10 257876
1.68589e+10 258470
1.6908e+10 259207
1.69098e+10 259234
1.7e+10 260618
1.70514e+10 261394
1.73911e+10 266583
1.75923e+10 269682
1.76079e+10 269928
1.76111e+10 269972
1.76661e+10 270833
1.77338e+10 271863
1.77343e+10 271871
1.77724e+10 272465
1.78378e+10 273433
1.7844e+10 273524
1.7848e+10 273582
1.78709e+10 273914
1.78713e+10 273918
1.78925e+10 274245
1.79636e+10 275328
1.79742e+10 275492
1.79762e+10 275522
1.80684e+10 276937
1.80764e+10 277055
1.81465e+10 278133
1.81776e+10 278602
1.82758e+10 280125
1.82954e+10 280426
1.83219e+10 280836
1.86201e+10 285419
1.8798e+10 288146
1.91589e+10 293732
1.91926e+10 294253
1.91972e+10 294323
1.93029e+10 295957
1.93841e+10 297192
1.93933e+10 297336
1.94088e+10 297575
1.9561e+10 299939
1.9648e+10 301264
1.98219e+10 303938
1.98618e+10 304540
1.98786e+10 304790
1.99299e+10 305583
2.02295e+10 310206
2.0423e+10 313195
2.05439e+10 315053
2.069e+10 317290
2.08019e+10 318984
2.10129e+10 322241
2.10138e+10 322258
2.11078e+10 323716
2.11807e+10 324851
2.23223e+10 342452
2.23246e+10 342490
2.23323e+10 342608
2.23431e+10 342779
2.23583e+10 343009
2.23585e+10 343014
2.24301e+10 344117
2.24661e+10 344671
2.24702e+10 344730
2.24753e+10 344805
2.25043e+10 345257
2.2704e+10 348361
2.2865e+10 350789
2.29077e+10 351453
2.29096e+10 351482
2.29674e+10 352352
2.30077e+10 352967
2.30427e+10 353502
2.30753e+10 354004
2.30805e+10 354102
2.3892e+10 366548
2.41302e+10 370213
2.4271e+10 372366
2.43237e+10 373160
2.43616e+10 373747
2.45098e+10 376056
2.45148e+10 376133
2.45543e+10 376749
2.46052e+10 377515
2.48879e+10 381850
2.49266e+10 382443
2.4965e+10 383027
2.52935e+10 388058
2.55366e+10 391798
2.56713e+10 393841
2.59052e+10 397449
2.59505e+10 398131
2.59574e+10 398238
2.60288e+10 399338
2.60451e+10 399583
2.60476e+10 399619
2.61603e+10 401338
2.62596e+10 402848
2.6278e+10 403127
2.63275e+10 403893
2.64411e+10 405644
2.65233e+10 406894
2.65444e+10 407218
2.65455e+10 407232
2.65484e+10 407273
2.65519e+10 407324
2.6606e+10 408147
2.66131e+10 408255
2.66141e+10 408273
2.66211e+10 408379
2.66335e+10 408564
2.66515e+10 408844
2.66555e+10 408904
2.66649e+10 409049
2.66796e+10 409274
2.67398e+10 410198
2.67489e+10 410335
2.68052e+10 411214
2.69572e+10 413559
2.69637e+10 413658
2.69672e+10 413715
2.69682e+10 413730
2.69773e+10 413868
2.72695e+10 418324
2.7285e+10 418557
2.73764e+10 419949
2.78732e+10 427611
2.79734e+10 429139
2.8658e+10 439676
2.88167e+10 442116
2.88278e+10 442287
2.88286e+10 442299
2.88329e+10 442365
2.88358e+10 442412
2.88471e+10 442592
2.91434e+10 447141
2.93497e+10 450322
2.93948e+10 450997
2.97269e+10 456081
2.97271e+10 456086
2.97273e+10 456087
2.97482e+10 456405
2.98494e+10 457960
2.98502e+10 457972
2.99544e+10 459572
3.0015e+10 460502
3.00156e+10 460510
3.02012e+10 463350
3.02449e+10 464030
3.02629e+10 464300
3.02855e+10 464643
3.07189e+10 471299
3.07322e+10 471507
3.0748e+10 471746
3.18689e+10 488951
3.19185e+10 489720
3.19885e+10 490806
3.24507e+10 497910
3.24517e+10 497923
3.24518e+10 497924
3.24704e+10 498205
3.24706e+10 498209
3.24832e+10 498401
3.25068e+10 498771
3.25468e+10 499389
3.25858e+10 499982
3.25863e+10 499990
3.26964e+10 501671
3.27241e+10 502096
3.27927e+10 503130
3.28143e+10 503465
3.3482e+10 513744
3.34951e+10 513938
3.64322e+10 559050
3.66794e+10 562812
3.67144e+10 563351
3.69238e+10 566539
3.69246e+10 566550
3.69494e+10 566930
3.88281e+10 595864
3.88497e+10 596195
3.90824e+10 599747
3.92033e+10 601609
3.92428e+10 602217
3.92438e+10 602234
3.94988e+10 606163
3.95317e+10 606659
3.95485e+10 606918
3.96116e+10 607888
3.96168e+10 607970
3.96253e+10 608103
3.99089e+10 612468
3.99424e+10 612985
3.99541e+10 613154
3.99567e+10 613196
4.0303e+10 618550
4.03825e+10 619770
4.05148e+10 621802
4.06408e+10 623752
4.07267e+10 625063
4.09529e+10 628550
4.13433e+10 634562
4.15863e+10 638295
4.37889e+10 672075
4.38432e+10 672908
4.39814e+10 675020
4.39999e+10 675304
4.41969e+10 678332
4.4199e+10 678364
4.44371e+10 682038
4.44724e+10 682584
4.46809e+10 685758
4.49725e+10 690202
4.49802e+10 690320
4.51993e+10 693700
4.52515e+10 694521
4.52614e+10 694669
4.52693e+10 694790
4.5335e+10 695803
4.55e+10 698360
4.57744e+10 702542
4.57882e+10 702755
4.58134e+10 703135
4.60998e+10 707550
4.66558e+10 716157
4.67015e+10 716867
4.67025e+10 716882
4.79468e+10 735943
4.79609e+10 736168
4.82349e+10 740364
4.84464e+10 743618
4.85224e+10 744774
4.86073e+10 746066
4.86302e+10 746414
4.864e+10 746560
4.86855e+10 747275
4.87395e+10 748105
4.9336e+10 757249
4.94155e+10 758453
4.9436e+10 758764
4.95054e+10 759842
4.95476e+10 760482
4.95696e+10 760827
4.95787e+10 760969
4.96461e+10 762011
4.96523e+10 762100
4.98169e+10 764620
4.98417e+10 764976
4.98762e+10 765500
4.98809e+10 765571
4.98812e+10 765576
4.99007e+10 765872
4.99015e+10 765885
4.99088e+10 766000
4.99546e+10 766700
4.99954e+10 767317
5.0622e+10 776914
5.0649e+10 777318
5.06499e+10 777334
5.08859e+10 780935
5.09741e+10 782277
5.11707e+10 785294
5.15874e+10 791650
5.15917e+10 791712
5.16793e+10 793036
5.31382e+10 815512
6.01295e+10 923002
6.02362e+10 924655
6.04267e+10 927579
6.04506e+10 927946
6.051e+10 928837
6.06081e+10 930368
6.06238e+10 930609
6.0773e+10 932886
6.11768e+10 939133
6.11779e+10 939152
6.12197e+10 939793
6.1278e+10 940692
6.12963e+10 940979
6.15526e+10 944895
6.17109e+10 947311
6.17793e+10 948358
6.18239e+10 949032
6.18463e+10 949384
6.18591e+10 949578
6.19214e+10 950525
6.2148e+10 954009
6.22677e+10 955850
6.23092e+10 956486
6.23156e+10 956589
6.26238e+10 961303
6.26251e+10 961321
6.26287e+10 961374
6.26521e+10 961719
6.27128e+10 962656
6.27334e+10 962970
6.44479e+10 989259
6.44544e+10 989355
6.45062e+10 990130
6.45155e+10 990267
6.45405e+10 990641
6.45917e+10 991420
6.46864e+10 992881
6.48557e+10 995493
6.49232e+10 996543
6.51074e+10 999367
6.52298e+10 1.00124e+06
6.52837e+10 1.00206e+06
6.55627e+10 1.00637e+06
6.57873e+10 1.00979e+06
6.65322e+10 1.02118e+06
6.65552e+10 1.02153e+06
6.66133e+10 1.02244e+06
6.6619e+10 1.02253e+06
6.68369e+10 1.02585e+06
6.68513e+10 1.02608e+06
6.69207e+10 1.02714e+06
6.77776e+10 1.04037e+06
6.78626e+10 1.04166e+06
6.78886e+10 1.04206e+06
6.79029e+10 1.04227e+06
6.79046e+10 1.04229e+06
6.79501e+10 1.04299e+06
6.80233e+10 1.04412e+06
6.80306e+10 1.04426e+06
6.92107e+10 1.06234e+06
6.9355e+10 1.06456e+06
6.93789e+10 1.06493e+06
6.96424e+10 1.06895e+06
6.96948e+10 1.06973e+06
6.98531e+10 1.07217e+06
6.9895e+10 1.0728e+06
6.99909e+10 1.07426e+06
7.02242e+10 1.07787e+06
7.02305e+10 1.07796e+06
7.02821e+10 1.07875e+06
7.02823e+10 1.07875e+06
7.03069e+10 1.07914e+06
7.0361e+10 1.07997e+06
7.04007e+10 1.08058e+06
7.04229e+10 1.08092e+06
7.04331e+10 1.08107e+06
7.04549e+10 1.0814e+06
7.05694e+10 1.08315e+06
7.06432e+10 1.08429e+06
7.06938e+10 1.08505e+06
7.07989e+10 1.08666e+06
7.08187e+10 1.08696e+06
7.08922e+10 1.08809e+06
7.0961e+10 1.08915e+06
7.0977e+10 1.0894e+06
7.09999e+10 1.08976e+06
7.10227e+10 1.09012e+06
7.10239e+10 1.09014e+06
7.10299e+10 1.09022e+06
7.1105e+10 1.09136e+06
7.12733e+10 1.09397e+06
7.12926e+10 1.09425e+06
7.14942e+10 1.09732e+06
7.14961e+10 1.09734e+06
7.15902e+10 1.09877e+06
7.1622e+10 1.09926e+06
7.18116e+10 1.10216e+06
7.18979e+10 1.10348e+06
7.19014e+10 1.10354e+06
7.19223e+10 1.10384e+06
7.20022e+10 1.10507e+06
7.21296e+10 1.10703e+06
7.21326e+10 1.10708e+06
7.21364e+10 1.10713e+06
7.24908e+10 1.11262e+06
7.2895e+10 1.11888e+06
7.29634e+10 1.11994e+06
7.30121e+10 1.12068e+06
7.30145e+10 1.12072e+06
7.37472e+10 1.13192e+06
7.37632e+10 1.13217e+06
7.38515e+10 1.13352e+06
7.40129e+10 1.136e+06
7.42806e+10 1.14011e+06
7.43252e+10 1.14078e+06
7.43706e+10 1.14148e+06
7.43898e+10 1.14177e+06
7.4455e+10 1.14277e+06
7.45076e+10 1.14358e+06
7.45078e+10 1.14359e+06
7.45143e+10 1.1437e+06
7.45265e+10 1.14389e+06
7.45603e+10 1.14439e+06
7.50964e+10 1.1526e+06
7.52587e+10 1.15506e+06
7.53326e+10 1.15619e+06
7.5486e+10 1.15855e+06
7.57714e+10 1.16291e+06
7.57783e+10 1.16301e+06
7.58027e+10 1.16338e+06
7.58046e+10 1.16341e+06
7.58552e+10 1.16419e+06
7.58638e+10 1.16432e+06
7.58646e+10 1.16433e+06
7.58836e+10 1.16461e+06
7.58965e+10 1.16481e+06
7.61507e+10 1.1687e+06
7.6158e+10 1.16881e+06
7.69334e+10 1.18077e+06
7.69799e+10 1.18148e+06
7.70895e+10 1.18318e+06
7.71058e+10 1.18342e+06
7.71807e+10 1.18459e+06
7.71853e+10 1.18465e+06
7.72004e+10 1.18489e+06
7.72665e+10 1.1859e+06
7.73566e+10 1.18728e+06
7.73749e+10 1.18755e+06
7.74729e+10 1.18904e+06
7.74799e+10 1.18914e+06
7.79581e+10 1.19646e+06
7.86622e+10 1.20724e+06
7.87802e+10 1.20901e+06
7.90525e+10 1.21319e+06
7.90549e+10 1.21323e+06
7.90778e+10 1.21357e+06
7.91598e+10 1.21483e+06
7.92023e+10 1.21548e+06
7.93667e+10 1.21798e+06
7.93744e+10 1.2181e+06
7.94122e+10 1.21868e+06
7.95469e+10 1.22075e+06
7.95647e+10 1.22103e+06
7.95835e+10 1.22131e+06
7.97524e+10 1.22391e+06
8.04112e+10 1.23402e+06
8.07807e+10 1.23973e+06
8.07832e+10 1.23977e+06
8.08488e+10 1.24077e+06
8.09214e+10 1.24188e+06
8.09467e+10 1.24227e+06
8.1002e+10 1.24312e+06
8.12825e+10 1.24743e+06
8.13435e+10 1.24833e+06
8.13489e+10 1.24841e+06
8.1371e+10 1.24874e+06
8.15146e+10 1.25094e+06
8.15245e+10 1.25109e+06
8.15784e+10 1.25192e+06
8.1639e+10 1.25286e+06
8.16432e+10 1.25292e+06
8.17088e+10 1.25391e+06
8.36982e+10 1.28445e+06
8.37264e+10 1.28487e+06
8.37277e+10 1.28489e+06
8.39315e+10 1.28801e+06
8.42723e+10 1.29328e+06
8.45374e+10 1.29735e+06
8.4608e+10 1.29844e+06
8.46165e+10 1.29857e+06
8.46183e+10 1.2986e+06
8.48758e+10 1.30254e+06
8.50997e+10 1.30597e+06
8.52663e+10 1.30852e+06
8.52682e+10 1.30855e+06
8.54767e+10 1.31179e+06
8.54791e+10 1.31182e+06
8.56454e+10 1.3144e+06
8.58831e+10 1.31804e+06
8.59237e+10 1.31867e+06
8.59639e+10 1.31929e+06
8.59689e+10 1.31936e+06
8.61135e+10 1.32155e+06
8.61409e+10 1.32198e+06
8.61634e+10 1.32233e+06
8.61643e+10 1.32234e+06
8.61839e+10 1.32263e+06
8.62287e+10 1.32332e+06
8.62547e+10 1.32372e+06
8.62654e+10 1.32388e+06
8.64907e+10 1.32734e+06
8.66632e+10 1.32998e+06
8.66993e+10 1.33057e+06
8.6816e+10 1.33236e+06
8.70846e+10 1.33651e+06
8.7177e+10 1.33793e+06
8.75221e+10 1.34321e+06
8.77007e+10 1.34596e+06
8.77231e+10 1.3463e+06
8.78684e+10 1.34855e+06
8.79413e+10 1.34965e+06
8.79469e+10 1.34973e+06
8.79539e+10 1.34984e+06
8.79667e+10 1.35003e+06
8.81014e+10 1.35214e+06
8.81312e+10 1.35261e+06
8.83378e+10 1.35579e+06
8.83395e+10 1.35581e+06
8.84296e+10 1.3572e+06
8.84297e+10 1.3572e+06
8.86222e+10 1.36018e+06
8.88405e+10 1.36354e+06
8.88498e+10 1.36368e+06
8.90633e+10 1.36698e+06
8.90758e+10 1.36717e+06
8.91167e+10 1.36779e+06
8.91279e+10 1.36796e+06
8.91281e+10 1.36797e+06
8.91517e+10 1.36833e+06
8.91672e+10 1.36856e+06
8.91914e+10 1.36892e+06
8.9202e+10 1.36908e+06
8.92292e+10 1.36951e+06
8.92304e+10 1.36953e+06
8.93291e+10 1.37107e+06
8.99276e+10 1.38032e+06
8.99724e+10 1.381e+06
9.0001e+10 1.38142e+06
9.01125e+10 1.38313e+06
9.01756e+10 1.38411e+06
9.02803e+10 1.38573e+06
9.04505e+10 1.38834e+06
9.04519e+10 1.38836e+06
9.04762e+10 1.38874e+06
9.07288e+10 1.39263e+06
9.08246e+10 1.39408e+06
9.09195e+10 1.39553e+06
9.12662e+10 1.40089e+06
9.12999e+10 1.40141e+06
9.13105e+10 1.40158e+06
9.13587e+10 1.40231e+06
9.13635e+10 1.40238e+06
9.18284e+10 1.40951e+06
9.18407e+10 1.40971e+06
9.18418e+10 1.40973e+06
9.19272e+10 1.41104e+06
9.19329e+10 1.41113e+06
9.19648e+10 1.41162e+06
9.19856e+10 1.41192e+06
9.19869e+10 1.41195e+06
9.19928e+10 1.41203e+06
9.20919e+10 1.41356e+06
9.2211e+10 1.41538e+06
9.22271e+10 1.41562e+06
9.22279e+10 1.41563e+06
9.22738e+10 1.41632e+06
9.23015e+10 1.41675e+06
9.25732e+10 1.42094e+06
9.27254e+10 1.42328e+06
9.28861e+10 1.42575e+06
9.2915e+10 1.42619e+06
9.29924e+10 1.42735e+06
9.29925e+10 1.42735e+06
9.30178e+10 1.42774e+06
9.30239e+10 1.42784e+06
9.33593e+10 1.433e+06
9.34588e+10 1.43454e+06
9.42941e+10 1.44735e+06
9.43396e+10 1.44806e+06
9.45253e+10 1.45092e+06
9.46801e+10 1.45329e+06
9.47431e+10 1.45424e+06
9.5058e+10 1.45908e+06
9.52969e+10 1.46275e+06
9.52994e+10 1.46278e+06
9.53867e+10 1.46411e+06
9.54909e+10 1.46569e+06
9.67067e+10 1.48432e+06
9.67217e+10 1.48456e+06
9.68911e+10 1.48717e+06
9.69235e+10 1.48767e+06
9.70305e+10 1.4893e+06
9.70974e+10 1.49034e+06
9.72292e+10 1.49235e+06
9.73541e+10 1.49427e+06
9.79372e+10 1.50319e+06
9.79927e+10 1.50402e+06
9.81284e+10 1.5061e+06
9.81297e+10 1.50612e+06
9.81508e+10 1.50645e+06
9.82705e+10 1.50828e+06
9.83695e+10 1.50981e+06
9.83768e+10 1.50991e+06
9.84077e+10 1.51038e+06
9.85614e+10 1.51274e+06
9.85681e+10 1.51284e+06
9.86397e+10 1.51395e+06
9.86504e+10 1.51411e+06
9.93513e+10 1.52483e+06
9.93593e+10 1.52495e+06
9.93603e+10 1.52497e+06
9.97689e+10 1.53122e+06
9.97902e+10 1.53155e+06
1.00556e+11 1.54327e+06
1.00568e+11 1.54346e+06
1.0059e+11 1.54381e+06
1.00597e+11 1.5439e+06
1.0144e+11 1.55683e+06
1.01448e+11 1.55694e+06
1.01478e+11 1.55741e+06
1.01498e+11 1.55771e+06
1.01515e+11 1.55797e+06
1.01564e+11 1.55872e+06
1.01815e+11 1.56258e+06
1.01856e+11 1.56318e+06
1.01954e+11 1.5647e+06
1.02146e+11 1.56763e+06
1.02255e+11 1.5693e+06
1.02788e+11 1.57747e+06
1.02792e+11 1.57752e+06
1.0285e+11 1.57842e+06
1.02873e+11 1.57877e+06
1.0294e+11 1.57981e+06
1.03002e+11 1.58077e+06
1.03007e+11 1.58084e+06
1.03029e+11 1.58118e+06
1.0311e+11 1.58241e+06
1.03136e+11 1.5828e+06
1.03174e+11 1.58338e+06
1.03176e+11 1.5834e+06
1.03255e+11 1.58463e+06
1.03392e+11 1.58676e+06
1.03537e+11 1.58897e+06
1.0363e+11 1.59039e+06
1.03643e+11 1.59059e+06
1.03693e+11 1.59135e+06
1.03968e+11 1.5956e+06
1.03997e+11 1.59604e+06
1.0438e+11 1.60193e+06
1.04779e+11 1.60809e+06
1.04783e+11 1.60815e+06
1.05183e+11 1.61434e+06
1.05192e+11 1.61447e+06
1.05475e+11 1.61883e+06
1.05522e+11 1.61957e+06
1.05565e+11 1.62021e+06
1.05594e+11 1.62065e+06
1.05704e+11 1.62235e+06
1.05728e+11 1.62271e+06
1.05746e+11 1.62299e+06
1.05749e+11 1.62305e+06
1.05813e+11 1.62402e+06
1.06084e+11 1.62819e+06
1.06403e+11 1.6331e+06
1.06434e+11 1.63357e+06
1.06645e+11 1.63679e+06
1.0665e+11 1.63687e+06
1.06686e+11 1.63744e+06
1.06737e+11 1.63822e+06
1.06768e+11 1.6387e+06
1.06828e+11 1.63963e+06
1.06829e+11 1.63964e+06
1.06881e+11 1.64045e+06
1.06939e+11 1.64133e+06
1.06996e+11 1.6422e+06
1.07112e+11 1.644e+06
1.07116e+11 1.64406e+06
1.07227e+11 1.64576e+06
1.07553e+11 1.65079e+06
1.07564e+11 1.65095e+06
1.07584e+11 1.65126e+06
1.07609e+11 1.65164e+06
1.07609e+11 1.65164e+06
1.10324e+11 1.69344e+06
1.10346e+11 1.69378e+06
1.10355e+11 1.69391e+06
1.1039e+11 1.69445e+06
1.10836e+11 1.70133e+06
1.11153e+11 1.70617e+06
1.11227e+11 1.70732e+06
1.11227e+11 1.70732e+06
1.11479e+11 1.71121e+06
1.11527e+11 1.71193e+06
1.11593e+11 1.71295e+06
1.11602e+11 1.71309e+06
1.11654e+11 1.71389e+06
1.11725e+11 1.71498e+06
1.11771e+11 1.71569e+06
1.11965e+11 1.71866e+06
1.11979e+11 1.71888e+06
1.12585e+11 1.72814e+06
1.13083e+11 1.73578e+06
1.131e+11 1.73605e+06
1.13103e+11 1.73609e+06
1.13253e+11 1.73842e+06
1.13398e+11 1.74064e+06
1.13593e+11 1.74363e+06
1.13638e+11 1.74435e+06
1.13651e+11 1.74455e+06
1.13659e+11 1.74467e+06
1.13697e+11 1.74524e+06
1.13809e+11 1.74697e+06
1.14475e+11 1.75712e+06
1.14478e+11 1.75718e+06
1.1467e+11 1.76014e+06
1.15766e+11 1.77695e+06
1.15777e+11 1.77712e+06
1.15794e+11 1.77737e+06
1.16544e+11 1.7889e+06
1.16658e+11 1.79064e+06
1.16678e+11 1.79094e+06
1.16932e+11 1.79483e+06
1.1724e+11 1.79955e+06
1.17265e+11 1.79993e+06
1.17277e+11 1.8001e+06
1.17291e+11 1.80032e+06
1.18415e+11 1.81765e+06
1.18491e+11 1.8188e+06
1.18498e+11 1.81891e+06
1.18525e+11 1.81931e+06
1.18658e+11 1.82136e+06
1.18707e+11 1.82209e+06
1.18714e+11 1.8222e+06
1.18771e+11 1.82307e+06
1.18776e+11 1.82314e+06
1.188e+11 1.82351e+06
1.18801e+11 1.82351e+06
1.1882e+11 1.82382e+06
1.18827e+11 1.82393e+06
1.1887e+11 1.82458e+06
1.18897e+11 1.825e+06
1.19059e+11 1.82745e+06
1.19073e+11 1.82768e+06
1.19354e+11 1.83196e+06
1.19405e+11 1.83275e+06
1.19577e+11 1.83537e+06
1.19625e+11 1.83609e+06
1.19639e+11 1.8363e+06
1.20428e+11 1.8485e+06
1.20448e+11 1.8488e+06
1.20493e+11 1.84947e+06
1.20595e+11 1.85107e+06
1.21496e+11 1.86495e+06
1.2152e+11 1.86532e+06
1.21592e+11 1.86642e+06
1.21604e+11 1.86661e+06
1.21624e+11 1.86692e+06
1.21645e+11 1.86723e+06
1.21648e+11 1.86728e+06
1.21713e+11 1.86827e+06
1.21874e+11 1.87076e+06
1.21874e+11 1.87077e+06
1.2236e+11 1.87825e+06
1.22394e+11 1.87877e+06
1.22645e+11 1.88264e+06
1.22646e+11 1.88265e+06
1.23854e+11 1.90126e+06
1.24011e+11 1.90368e+06
1.24063e+11 1.90448e+06
1.24312e+11 1.90828e+06
1.24502e+11 1.91122e+06
1.247e+11 1.91425e+06
1.247e+11 1.91426e+06
1.247e+11 1.91426e+06
1.25832e+11 1.93164e+06
1.26131e+11 1.93623e+06
1.26179e+11 1.93699e+06
1.26355e+11 1.93966e+06
1.2662e+11 1.94371e+06
1.26792e+11 1.94636e+06
1.26824e+11 1.94683e+06
1.26995e+11 1.94943e+06
1.27e+11 1.94951e+06
1.27986e+11 1.96464e+06
1.28011e+11 1.96503e+06
1.28054e+11 1.96568e+06
1.28067e+11 1.96588e+06
1.28092e+11 1.96627e+06
1.28142e+11 1.96703e+06
1.28147e+11 1.96711e+06
1.28193e+11 1.96784e+06
1.28259e+11 1.96883e+06
1.28312e+11 1.96964e+06
1.28313e+11 1.96966e+06
1.28365e+11 1.97046e+06
1.28383e+11 1.97074e+06
1.28625e+11 1.97445e+06
1.28658e+11 1.97496e+06
1.28667e+11 1.97509e+06
1.28717e+11 1.97586e+06
1.28717e+11 1.97586e+06
1.28888e+11 1.97846e+06
1.28892e+11 1.97852e+06
1.28947e+11 1.97936e+06
1.28955e+11 1.97948e+06
1.29135e+11 1.98223e+06
1.29155e+11 1.98254e+06
1.29419e+11 1.98661e+06
1.29446e+11 1.98703e+06
1.29447e+11 1.98704e+06
1.29487e+11 1.98765e+06
1.30407e+11 2.00174e+06
1.3061e+11 2.00488e+06
1.30631e+11 2.00521e+06
1.30758e+11 2.00714e+06
1.30809e+11 2.00792e+06
1.30881e+11 2.00905e+06
1.30885e+11 2.0091e+06
1.31026e+11 2.0113e+06
1.31248e+11 2.01468e+06
1.31276e+11 2.0151e+06
1.31323e+11 2.01583e+06
1.31365e+11 2.01647e+06
1.31408e+11 2.01714e+06
1.31826e+11 2.02359e+06
1.31836e+11 2.02374e+06
1.31949e+11 2.0255e+06
1.32074e+11 2.0274e+06
1.32335e+11 2.03141e+06
1.32425e+11 2.03278e+06
1.3256e+11 2.03486e+06
1.32761e+11 2.03795e+06
1.32806e+11 2.03865e+06
1.32871e+11 2.03962e+06
1.32923e+11 2.0404e+06
1.32942e+11 2.0407e+06
1.32946e+11 2.04075e+06
1.32974e+11 2.04118e+06
1.33012e+11 2.04176e+06
1.33455e+11 2.04853e+06
1.33508e+11 2.04936e+06
1.33542e+11 2.0499e+06
1.33551e+11 2.05003e+06
1.33552e+11 2.05004e+06
1.33559e+11 2.05015e+06
1.33765e+11 2.05332e+06
1.34005e+11 2.05701e+06
1.34025e+11 2.05732e+06
1.34156e+11 2.05933e+06
1.34199e+11 2.05998e+06
1.34231e+11 2.06047e+06
1.34231e+11 2.06047e+06
1.34247e+11 2.06071e+06
1.34279e+11 2.0612e+06
1.3538e+11 2.07812e+06
1.35398e+11 2.07838e+06
1.35464e+11 2.07941e+06
1.35467e+11 2.07945e+06
1.35528e+11 2.08037e+06
1.35532e+11 2.08043e+06
1.35567e+11 2.08097e+06
1.35594e+11 2.08137e+06
1.35595e+11 2.08139e+06
1.3619e+11 2.09061e+06
1.36243e+11 2.09139e+06
1.36266e+11 2.09174e+06
1.36274e+11 2.09186e+06
1.36473e+11 2.09491e+06
1.36484e+11 2.09508e+06
1.3672e+11 2.09874e+06
1.36825e+11 2.10034e+06
1.36892e+11 2.10136e+06
1.37213e+11 2.10631e+06
1.37243e+11 2.10677e+06
1.37244e+11 2.10677e+06
1.37264e+11 2.10708e+06
1.37354e+11 2.10845e+06
1.37412e+11 2.10933e+06
1.3753e+11 2.11118e+06
1.37543e+11 2.11137e+06
1.37544e+11 2.11138e+06
1.3778e+11 2.11498e+06
1.37808e+11 2.11542e+06
1.38001e+11 2.1184e+06
1.38002e+11 2.11842e+06
1.38016e+11 2.11864e+06
1.38045e+11 2.11909e+06
1.38114e+11 2.12011e+06
1.38124e+11 2.12027e+06
1.38519e+11 2.12632e+06
1.39016e+11 2.134e+06
1.39534e+11 2.14192e+06
1.39545e+11 2.1421e+06
1.3955e+11 2.14218e+06
1.39598e+11 2.14291e+06
1.39853e+11 2.14682e+06
1.39961e+11 2.14849e+06
1.40236e+11 2.15274e+06
1.40305e+11 2.1538e+06
1.40316e+11 2.15397e+06
1.40335e+11 2.15425e+06
1.4037e+11 2.15479e+06
1.41097e+11 2.166e+06
1.41102e+11 2.16608e+06
1.41147e+11 2.16678e+06
1.41156e+11 2.16692e+06
1.41162e+11 2.167e+06
1.41163e+11 2.16701e+06
1.41166e+11 2.16705e+06
1.41402e+11 2.17068e+06
1.41637e+11 2.17429e+06
1.41816e+11 2.17707e+06
1.42179e+11 2.18266e+06
1.42211e+11 2.18314e+06
1.42279e+11 2.18419e+06
1.42536e+11 2.1881e+06
1.42584e+11 2.18883e+06
1.42591e+11 2.18893e+06
1.42642e+11 2.18972e+06
1.42686e+11 2.19039e+06
1.4271e+11 2.19077e+06
1.42724e+11 2.19098e+06
1.42729e+11 2.19105e+06
1.42757e+11 2.19147e+06
1.42774e+11 2.19173e+06
1.4283e+11 2.19259e+06
1.42831e+11 2.19259e+06
1.42834e+11 2.19265e+06
1.42843e+11 2.19277e+06
1.42851e+11 2.19289e+06
1.42865e+11 2.1931e+06
1.42907e+11 2.19375e+06
1.42913e+11 2.19383e+06
1.43081e+11 2.19641e+06
1.4312e+11 2.197e+06
1.43204e+11 2.19825e+06
1.43236e+11 2.19876e+06
1.43285e+11 2.19951e+06
1.4351e+11 2.20296e+06
1.43813e+11 2.20757e+06
1.43984e+11 2.21021e+06
1.44005e+11 2.21053e+06
1.44378e+11 2.2162e+06
1.44382e+11 2.21627e+06
1.44591e+11 2.2195e+06
1.44731e+11 2.22164e+06
1.44743e+11 2.22182e+06
1.44743e+11 2.22183e+06
1.44779e+11 2.22239e+06
1.45091e+11 2.22717e+06
1.45256e+11 2.22967e+06
1.45256e+11 2.22968e+06
1.45305e+11 2.23043e+06
1.45315e+11 2.23059e+06
1.45358e+11 2.23125e+06
1.45396e+11 2.23184e+06
1.4552e+11 2.23374e+06
1.45524e+11 2.2338e+06
1.45545e+11 2.23411e+06
1.46321e+11 2.24598e+06
1.46341e+11 2.24628e+06
1.4638e+11 2.24686e+06
1.46458e+11 2.24805e+06
1.46458e+11 2.24806e+06
1.46461e+11 2.24811e+06
1.47115e+11 2.25813e+06
1.47137e+11 2.25846e+06
1.47154e+11 2.25871e+06
1.47182e+11 2.25916e+06
1.47615e+11 2.26579e+06
1.47754e+11 2.26794e+06
1.47811e+11 2.26879e+06
1.47851e+11 2.2694e+06
1.47851e+11 2.26941e+06
1.47897e+11 2.2701e+06
1.4792e+11 2.27047e+06
1.47929e+11 2.27062e+06
1.47948e+11 2.27092e+06
1.4795e+11 2.27094e+06
1.47954e+11 2.271e+06
1.48045e+11 2.27237e+06
1.48152e+11 2.27402e+06
1.48233e+11 2.27528e+06
1.4832e+11 2.27662e+06
1.48345e+11 2.27699e+06
1.48406e+11 2.27796e+06
1.48513e+11 2.27958e+06
1.48535e+11 2.27991e+06
1.48553e+11 2.2802e+06
1.48628e+11 2.28134e+06
1.48922e+11 2.28583e+06
1.48923e+11 2.28584e+06
1.48929e+11 2.28594e+06
1.49057e+11 2.2879e+06
1.49111e+11 2.28874e+06
1.49117e+11 2.28882e+06
1.49152e+11 2.28937e+06
1.49159e+11 2.28947e+06
1.49159e+11 2.28947e+06
1.49184e+11 2.28986e+06
1.4919e+11 2.28995e+06
1.49244e+11 2.29079e+06
1.49289e+11 2.29145e+06
1.49386e+11 2.29295e+06
1.49411e+11 2.29335e+06
1.49491e+11 2.29457e+06
1.49491e+11 2.29457e+06
1.49507e+11 2.29482e+06
1.49587e+11 2.29606e+06
1.4975e+11 2.29857e+06
1.5042e+11 2.30887e+06
1.50455e+11 2.30941e+06
1.52028e+11 2.33353e+06
1.52074e+11 2.33424e+06
1.53234e+11 2.35203e+06
1.53269e+11 2.35257e+06
1.53355e+11 2.35389e+06
1.5339e+11 2.35442e+06
1.5342e+11 2.35488e+06
1.53433e+11 2.35507e+06
1.53451e+11 2.35535e+06
1.5361e+11 2.35781e+06
1.53852e+11 2.36152e+06
1.53856e+11 2.36158e+06
1.54153e+11 2.36616e+06
1.54252e+11 2.36767e+06
1.54255e+11 2.36772e+06
1.54268e+11 2.36792e+06
1.54451e+11 2.37073e+06
1.54492e+11 2.37136e+06
1.5452e+11 2.37177e+06
1.54539e+11 2.37206e+06
