0.3775
0.3775
0.379
0.345
0.37
0.3465
0.3505
0.3475
0.345
0.348
0.34
0.344
0.337
0.327
0.341
0.3315
0.333
0.331
0.3305
0.326
0.321
0.3245
0.321
0.3295
0.3175
0.314
0.3115
0.304
0.307
0.298
0.301
0.3035
0.304
0.2985
0.298
0.2955
0.2945
0.2965
0.2955
0.2865
0.289
0.282
0.288
0.2755
0.2885
0.2705
0.275
0.2705
0.2735
0.274
0.275
0.2765
0.2775
0.276
0.2735
0.27
0.267
0.2685
0.263
0.268
0.2575
0.265
0.26
0.2585
0.248
0.2575
0.248
0.2535
0.2465
0.249
0.2515
0.2585
0.247
0.251
0.2445
0.25
0.2535
0.248
0.248
0.248
0.243
0.25
0.238
0.2455
0.2355
0.2405
0.237
0.2415
0.243
0.2365
0.2395
0.2355
0.2335
0.236
0.228
0.229
0.226
0.2205
0.2265
0.227
0.2255
0.2235
0.2285
0.2295
0.2255
0.227
0.2175
0.2195
0.223
0.2165
0.2195
0.216
0.2195
0.2185
0.2145
0.219
0.2185
0.2125
0.209
0.211
0.2115
0.209
0.2065
0.2055
0.2055
0.2025
0.201
0.2035
0.2035
0.2015
0.2005
0.201
0.2
0.2005
0.2025
0.2
0.202
0.201
0.2005
0.1985
0.196
0.193
0.193
0.19
0.191
0.188
0.1895
0.1885
0.1845
0.185
0.1825
0.1815
0.1815
0.179
0.1815
0.174
0.178
0.181
0.1805
0.1775
0.179
0.179
0.18
0.173
0.1755
0.176
0.1755
0.1745
0.1745
0.1745
0.176
0.1775
0.174
0.1775
0.174
0.176
0.175
0.179
0.174
0.175
0.1765
0.173
0.1675
0.171
0.1745
0.1675
0.1675
0.1655
0.164
0.163
0.16
0.1585
0.1585
0.162
0.1615
0.1595
0.161
0.1585
0.1665
0.1585
0.1575
0.1585
0.157
0.1585
0.1585
0.1565
0.1545
0.156
0.15
0.157
0.145
0.147
0.145
0.1465
0.148
0.147
0.149
0.148
0.15
0.1465
0.1505
0.147
0.1495
0.14
0.141
0.137
0.1445
0.134
0.1405
0.136
0.1365
0.135
0.137
0.1335
0.137
0.136
0.136
0.136
0.1325
0.1355
0.1365
0.132
0.13
0.127
0.129
0.13
0.1275
0.1285
0.127
0.129
0.1285
0.126
0.1275
0.1245
0.126
0.1245
0.124
0.122
0.12
0.1215
0.125
0.1255
0.123
0.118
0.1195
0.119
0.116
0.116
0.119
0.1155
0.116
0.117
0.1165
0.1165
0.1155
0.113
0.1165
0.112
0.111
0.111
0.11
0.1085
0.108
0.107
0.111
0.1075
0.1085
0.105
0.1035
0.1035
0.102
0.1075
0.1005
0.101
0.1005
0.1045
0.1045
0.101
0.1005
0.1
0.103
0.1015
0.102
0.102
0.099
0.1025
0.1045
0.1035
0.1025
0.102
0.0955
0.0945
0.098
0.0955
0.099
0.0975
0.098
0.091
0.097
0.0885
0.0905
0.086
0.0915
0.0855
0.084
0.0825
0.089
0.0915
0.0925
0.0905
0.091
0.089
0.09
0.088
0.088
0.086
0.0865
0.0885
0.087
0.0845
0.0845
0.086
0.0825
0.084
0.0795
0.082
0.0765
0.0795
0.077
0.0815
0.081
0.0775
0.0805
0.0795
0.0825
0.08
0.08
0.0785
0.08
0.0755
0.0765
0.0755
0.075
0.0755
0.0775
0.075
0.0755
0.0735
0.076
0.073
0.074
0.074
0.073
0.075
0.0725
0.0725
0.071
0.0735
0.075
0.071
0.074
0.0675
0.071
0.066
0.071
0.064
0.0675
0.0665
0.068
0.069
0.065
0.0675
0.066
0.064
0.0675
0.066
0.0685
0.0655
0.068
0.0675
0.0705
0.068
0.068
0.0675
0.0725
0.0705
0.0725
0.072
0.0715
0.0705
0.0695
0.068
0.0635
0.067
0.065
0.067
0.0665
0.0635
0.067
0.0635
0.0665
0.0625
0.0625
0.058
0.0575
0.056
0.0585
0.059
0.059
0.061
0.0565
0.0575
0.0555
0.0555
0.0555
0.0555
0.056
0.0535
0.053
0.0535
0.053
0.0515
0.0545
0.055
0.052
0.055
0.0505
0.0525
0.0545
0.0505
0.049
0.049
0.0455
0.047
0.0475
0.048
0.046
0.0455
0.047
0.046
0.046
0.0455
0.0415
0.044
0.041
0.042
0.0425
0.044
0.0435
0.0425
0.0425
0.045
0.042
0.0465
0.042
0.043
0.0415
0.043
0.041
0.042
0.0385
0.042
0.0395
0.04
0.043
0.0405
0.0405
0.0405
0.0425
0.039
0.042
0.041
0.0425
0.042
0.043
0.041
0.042
0.0405
0.039
0.041
