0.388333
0.388333
0.385
0.355
0.376667
0.368333
0.366667
0.363333
0.353333
0.395
0.37
0.388333
0.385
0.391667
0.391667
0.395
0.381667
0.386667
0.371667
0.396667
0.385
0.401667
0.391667
0.401667
0.4
0.401667
0.405
0.4
0.413333
0.4
0.408333
0.4
0.403333
0.391667
0.386667
0.385
0.39
0.39
0.391667
0.391667
0.391667
0.391667
0.386667
0.383333
0.381667
0.366667
0.383333
0.385
0.381667
0.376667
0.385
0.386667
0.403333
0.378333
0.406667
0.391667
0.4
0.376667
0.39
0.366667
0.383333
0.373333
0.375
0.375
0.371667
0.381667
0.376667
0.365
0.375
0.373333
0.366667
0.363333
0.371667
0.378333
0.383333
0.37
0.38
0.38
0.378333
0.365
0.366667
0.368333
0.36
0.368333
0.361667
0.366667
0.365
0.373333
0.37
0.378333
0.373333
0.373333
0.37
0.37
0.371667
0.366667
0.356667
0.376667
0.373333
0.376667
0.361667
0.363333
0.373333
0.37
0.376667
0.381667
0.383333
0.371667
0.378333
0.366667
0.383333
0.373333
0.381667
0.37
0.381667
0.371667
0.368333
0.37
0.371667
0.37
0.371667
0.37
0.376667
0.368333
0.38
0.378333
0.381667
0.378333
0.39
0.38
0.391667
0.385
0.385
0.378333
0.375
0.363333
0.368333
0.375
0.375
0.375
0.368333
0.371667
0.37
0.368333
0.37
0.365
0.361667
0.358333
0.346667
0.338333
0.336667
0.343333
0.348333
0.361667
0.358333
0.371667
0.365
0.366667
0.363333
0.373333
0.373333
0.376667
0.363333
0.371667
0.368333
0.376667
0.366667
0.376667
0.373333
0.378333
0.383333
0.383333
0.383333
0.378333
0.38
0.38
0.373333
0.381667
0.37
0.378333
0.38
0.38
0.38
0.393333
0.383333
0.38
0.381667
0.383333
0.391667
0.38
0.388333
0.386667
0.386667
0.39
0.396667
0.391667
0.39
0.383333
0.383333
0.388333
0.378333
0.376667
0.378333
0.373333
0.375
0.37
0.373333
0.371667
0.38
0.37
0.376667
0.371667
0.37
0.373333
0.371667
0.375
0.375
0.371667
0.376667
0.373333
0.376667
0.373333
0.383333
0.385
0.381667
0.378333
0.376667
0.38
0.375
0.38
0.385
0.373333
0.38
0.375
0.386667
0.376667
0.38
0.371667
0.376667
0.381667
0.38
0.375
0.381667
0.381667
0.381667
0.385
0.381667
0.378333
0.38
0.376667
0.373333
0.375
0.385
0.376667
0.385
0.378333
0.393333
0.388333
0.393333
0.39
0.396667
0.391667
0.4
0.391667
0.398333
0.393333
0.396667
0.393333
0.39
0.385
0.388333
0.393333
0.383333
0.39
0.383333
0.388333
0.38
0.386667
0.375
0.38
0.385
0.385
0.376667
0.388333
0.378333
0.386667
0.385
0.386667
0.383333
0.38
0.386667
0.38
0.385
0.388333
0.381667
0.386667
0.381667
0.388333
0.386667
0.391667
0.383333
0.385
0.388333
0.393333
0.39
0.39
0.383333
0.388333
0.39
0.39
0.383333
0.388333
0.386667
0.388333
0.383333
0.393333
0.385
0.39
0.38
0.383333
0.385
0.391667
0.388333
0.388333
0.386667
0.393333
0.391667
0.39
0.391667
0.393333
0.386667
0.391667
0.388333
0.393333
0.398333
0.391667
0.39
0.395
0.393333
0.393333
0.396667
0.393333
0.398333
0.395
0.4
0.391667
0.401667
0.39
0.4
0.396667
0.4
0.393333
0.395
0.395
0.401667
0.398333
0.398333
0.401667
0.406667
0.403333
0.405
0.4
0.405
0.398333
0.401667
0.4
0.398333
0.393333
0.398333
0.395
0.395
0.4
0.4
0.405
0.396667
0.398333
0.403333
0.401667
0.398333
0.4
0.393333
0.393333
0.395
0.398333
0.395
0.401667
0.395
0.393333
0.393333
0.395
0.396667
0.395
0.395
0.39
0.39
0.393333
0.393333
0.393333
0.396667
0.391667
0.388333
0.386667
0.388333
0.383333
0.395
0.39
0.393333
0.398333
0.391667
0.395
0.398333
0.4
0.405
0.398333
0.4
0.393333
0.4
0.398333
0.396667
0.398333
0.398333
0.398333
0.401667
0.4
0.403333
0.396667
0.4
0.396667
0.396667
0.396667
0.398333
0.398333
0.396667
0.398333
0.39
0.396667
0.393333
0.405
0.401667
0.401667
0.4
0.396667
0.401667
0.403333
0.401667
0.398333
0.396667
0.398333
0.39
0.393333
0.39
0.401667
0.393333
0.391667
0.396667
0.396667
0.388333
0.395
0.386667
0.393333
0.388333
0.393333
0.39
0.391667
0.396667
0.393333
0.39
0.401667
0.398333
0.401667
0.396667
0.398333
0.381667
0.391667
0.39
0.391667
0.38
0.378333
0.376667
0.38
0.376667
0.386667
0.378333
0.383333
0.381667
0.378333
0.378333
0.375
0.386667
0.383333
0.395
0.386667
0.4
0.391667
0.396667
0.398333
0.398333
0.393333
0.386667
0.393333
