0.3775
0.489
0.4425
0.405
0.4725
0.4785
0.4725
0.4665
0.4705
0.464
0.439
0.439
0.47
0.4755
0.4765
0.471
0.473
0.4705
0.4535
0.4735
0.47
0.475
0.4725
0.475
0.467
0.4645
0.472
0.475
0.479
0.4655
0.4655
0.47
0.479
0.476
0.4755
0.476
0.475
0.477
0.4805
0.476
0.478
0.479
0.4825
0.453
0.4775
0.521
0.418
0.4535
0.478
0.475
0.472
0.4715
0.479
0.48
0.476
0.4775
0.4815
0.478
0.473
0.478
0.4785
0.479
0.4075
0.532
0.5075
0.4755
0.4655
0.4765
0.499
0.476
0.384
0.4825
0.478
0.4805
0.476
0.484
0.4845
0.472
0.466
0.4795
0.4795
0.4735
0.4805
0.4805
0.485
0.4765
0.474
0.476
0.4765
0.4855
0.477
0.472
0.4705
0.4795
0.481
0.4835
0.478
0.4785
0.4815
0.478
0.4785
0.485
0.476
0.4805
0.479
0.4785
0.474
0.474
0.478
0.479
0.4775
0.4895
0.488
0.4755
0.4795
0.4815
0.458
0.4825
0.4735
0.472
0.4765
0.4855
0.4775
0.4835
0.472
0.496
0.4875
0.484
0.4855
0.483
0.487
0.4815
0.405
0.4905
0.47
0.4825
0.4815
0.485
0.483
0.485
0.4845
0.4885
0.49
0.49
0.475
0.489
0.488
0.4765
0.484
0.4815
0.4885
0.481
0.4795
0.476
0.4895
0.494
0.4885
0.483
0.478
0.4895
0.4785
0.4735
0.4795
0.484
0.4775
0.482
0.484
0.48
0.4815
0.487
0.487
0.487
0.482
0.4805
0.482
0.418
0.482
0.4765
0.477
0.4785
0.4855
0.4775
0.4815
0.49
0.487
0.481
0.486
0.482
0.4845
0.478
0.489
0.4835
0.4875
0.477
0.476
0.4075
0.4835
0.4825
0.4905
0.474
0.4875
0.484
0.485
0.4655
0.4795
0.478
0.4825
0.4725
0.4705
0.4825
0.488
0.4905
0.4765
0.481
0.488
0.476
0.4795
0.4875
0.47
0.4855
0.493
0.492
0.4815
0.487
0.476
0.483
0.4895
0.485
0.475
0.4865
0.488
0.481
0.464
0.4955
0.4795
0.478
0.457
0.49
0.49
0.49
0.477
0.4825
0.482
0.4815
0.488
0.4665
0.495
0.4795
0.475
0.484
0.4445
0.4905
0.4535
0.488
0.4845
0.4815
0.4955
0.4815
0.482
0.4815
0.4845
0.485
0.4925
0.4985
0.4875
0.446
0.4965
0.4905
0.4565
0.489
0.4185
0.4925
0.4745
0.4845
0.479
0.486
0.475
0.4955
0.4765
0.482
0.471
0.4895
0.4935
0.4885
0.4765
0.4875
0.484
0.494
0.4995
0.4865
0.4885
0.481
0.4915
0.487
0.4855
0.47
0.485
0.481
0.4865
0.473
0.4685
0.474
0.4815
0.496
0.482
0.4825
0.4805
0.496
0.488
0.4875
0.4805
0.4905
0.494
0.4875
0.4875
0.4835
0.486
0.481
0.487
0.495
0.4885
0.4675
0.4845
0.4865
0.4955
0.467
0.485
0.4075
0.488
0.482
0.477
0.4415
0.5195
0.491
0.488
0.496
0.491
0.4805
0.485
0.4845
0.492
0.4835
0.4835
0.479
0.4725
0.4835
0.4935
0.4885
0.4935
0.488
0.481
0.49
0.4755
0.4715
0.4805
0.4885
0.476
0.4855
0.4875
0.4905
0.4655
0.487
0.4895
0.494
0.489
0.4865
0.4875
0.4795
0.4955
0.4905
0.491
0.484
0.4765
0.4935
0.472
0.457
0.4855
0.4925
0.476
0.4755
0.4865
0.5105
0.488
0.488
0.487
0.484
0.472
0.5
0.4705
0.475
0.492
0.4535
0.489
0.481
0.4485
0.4865
0.4945
0.4825
0.4835
0.4715
0.484
0.4915
0.4945
0.4415
0.483
0.471
0.486
0.4865
0.4935
0.493
0.4925
0.4875
0.4945
0.478
0.489
0.481
0.4885
0.476
0.486
0.4735
0.488
0.4995
0.4875
0.49
0.5025
0.492
0.4875
0.497
0.483
0.4895
0.4925
0.487
0.48
0.4865
0.484
0.4845
0.479
0.484
0.479
0.4975
0.486
0.477
0.477
0.482
0.4975
0.4815
0.493
0.484
0.4955
0.472
0.498
0.4815
0.4775
0.4895
0.491
0.485
0.491
0.4885
0.4925
0.494
0.474
0.5045
0.487
0.4815
0.4835
0.4815
0.406
0.4815
0.4825
0.501
0.4775
0.4915
0.4825
0.4855
0.4885
0.4895
0.476
0.484
0.4885
0.486
0.495
0.4855
0.4825
0.4865
0.475
0.481
0.4905
0.4185
0.445
0.49
0.4865
0.482
0.482
0.4865
0.4855
0.4915
0.488
0.489
0.4815
0.487
