0.3775
0.441251
0.432397
0.434948
0.44917
0.447841
0.452793
0.457329
0.455835
0.45772
0.460505
0.458038
0.463064
0.464326
0.453703
0.46359
0.462982
0.465485
0.462056
0.455768
0.465277
0.460749
0.464901
0.46198
0.464959
0.466268
0.467209
0.46312
0.465997
0.463071
0.467114
0.464532
0.465768
0.466137
0.46549
0.466775
0.467373
0.465485
0.463371
0.465178
0.466627
0.464547
0.462536
0.461663
0.462251
0.464389
0.465186
0.462772
0.45907
0.466308
0.46578
0.465993
0.46704
0.467516
0.463835
0.467517
0.467458
0.463243
0.469047
0.464051
0.463946
0.466444
0.463641
0.463909
0.465895
0.463793
0.466776
0.467292
0.468795
0.467552
0.468345
0.468196
0.465056
0.466571
0.466962
0.467785
0.468356
0.468691
0.468698
0.46825
0.46578
0.468186
0.466167
0.465144
0.465475
0.467678
0.468337
0.468984
0.467998
0.46663
0.468564
0.466806
0.468521
0.468874
0.467584
0.468694
0.465795
0.467512
0.468504
0.46867
0.469547
0.469388
0.469562
0.469596
0.469081
0.469006
0.463554
0.468871
0.469586
0.467797
0.463115
0.462292
0.464159
0.46644
0.470008
0.46751
0.468316
0.467196
0.46895
0.46892
0.468564
0.469039
0.469435
0.471854
0.469987
0.468117
0.471304
0.471239
0.467098
0.469053
0.467928
0.466376
0.469685
0.46918
0.463712
0.470352
0.470114
0.469993
0.470447
0.470378
0.4706
0.470924
0.470698
0.468618
0.463966
0.466684
0.462666
0.467726
0.467679
0.46928
0.470695
0.466635
0.466683
0.469724
0.470321
0.469707
0.468119
0.465399
0.47201
0.471179
0.471989
0.471886
0.472314
0.471208
0.472433
0.467322
0.467171
0.469483
0.47234
0.470431
0.470663
0.471188
0.46517
0.46849
0.469011
0.469618
0.469876
0.471309
0.471992
0.47179
0.471081
0.469982
0.472141
0.471757
0.47254
0.467302
0.466337
0.469088
0.468773
0.467174
0.467403
0.47063
0.470334
0.471758
0.471236
0.47253
0.469293
0.469877
0.468208
0.471665
0.470844
0.472543
0.472302
0.471737
0.468947
0.471247
0.471485
0.469341
0.469491
0.471366
0.465513
0.46903
0.467747
0.470969
0.471626
0.471371
0.471061
0.472429
0.472316
0.471189
0.469939
0.472598
0.472806
0.465793
0.47222
0.471395
0.465635
0.46618
0.465916
0.471361
0.470636
0.471781
0.473268
0.469627
0.470241
0.471531
0.469744
0.46465
0.469917
0.471998
0.473717
0.470637
0.471738
0.47295
0.473869
0.4688
0.471348
0.471913
0.469999
0.467538
0.465715
0.468983
0.467411
0.465523
0.467631
0.466826
0.468742
0.470636
0.472094
0.472607
0.47423
0.473379
0.467644
0.472466
0.468191
0.469511
0.470291
0.468989
0.472775
0.467723
0.470255
0.473038
0.473635
0.473015
0.467728
0.473181
0.473386
0.467711
0.468761
0.472457
0.4707
0.468291
0.467941
0.468866
0.46896
0.469225
0.47299
0.471786
0.473636
0.472956
0.47396
0.47211
0.47464
0.474209
0.474483
0.474098
0.471238
0.474123
0.471771
0.473998
0.473996
0.473366
0.470112
0.469202
0.473853
0.472775
0.473365
0.4711
0.472108
0.465482
0.47302
0.471211
0.472296
0.473628
0.47427
0.472592
0.472697
0.465706
0.468671
0.469059
0.473704
0.472004
0.471312
0.472987
0.474751
0.474575
0.472475
0.473366
0.472172
0.468272
0.469469
0.47069
0.470911
0.472706
0.470327
0.473386
0.468862
0.469844
0.470018
0.470337
0.473003
0.474198
0.474684
0.470567
0.46993
0.470076
0.467996
0.470655
0.468507
0.470349
0.47335
0.474762
0.472163
0.47483
0.47512
0.474934
0.467517
0.470252
0.471664
0.469805
0.472238
0.467697
0.470452
0.470996
0.473029
0.474773
0.473382
0.473863
0.474693
0.4703
0.472744
0.473257
0.474009
0.470559
0.471662
0.474116
0.474058
0.473781
0.47588
0.474291
0.472606
0.471072
0.472159
0.471769
0.469574
0.471718
0.473029
0.474038
0.473602
0.472421
0.469719
0.471134
0.469045
0.470122
0.470864
0.475183
0.473547
0.472382
0.472185
0.475216
0.475655
0.473459
0.472448
0.474105
0.475171
0.474714
0.473909
0.472039
0.472599
0.468437
0.470015
0.471423
0.475206
0.474384
0.475923
0.474216
0.474245
0.474156
0.475364
0.474258
0.47574
0.475524
0.470049
0.470674
0.471497
0.472635
0.474693
0.469707
0.473991
0.475853
0.474424
0.469923
0.471775
0.47075
0.470639
0.469913
0.474273
0.472154
0.474756
0.474124
0.472847
0.473561
0.472827
0.473307
0.47229
0.468909
0.468651
0.469726
0.470474
0.475268
0.475958
0.473803
0.475207
0.475032
0.473866
0.471389
0.469383
0.470465
0.467975
0.471367
0.469728
0.474129
0.471748
0.473851
0.473121
0.47247
0.475728
0.473405
0.469995
0.47022
0.47317
0.47394
0.475721
0.476319
0.473126
0.46996
0.47277
0.476271
0.475979
0.475171
0.47611
0.470047
0.474044
0.472703
0.472109
0.474595
0.473823
0.474301
0.473754
0.473773
0.471834
0.473933
0.471956
0.472862
0.467933
0.470649
0.47096
0.472408
0.473654
0.473645
