1
0.969523
0.962807
0.953966
0.945858
0.940958
0.935824
0.931643
0.928244
0.924616
0.921305
0.918426
0.915186
0.912685
0.910359
0.906448
0.904042
0.901561
0.89941
0.896817
0.893301
0.891144
0.888394
0.886202
0.883636
0.881464
0.879456
0.877562
0.875172
0.873146
0.870761
0.868875
0.866687
0.864653
0.862668
0.860611
0.858708
0.856878
0.854834
0.852537
0.850467
0.848571
0.846435
0.844055
0.841571
0.839169
0.837038
0.835006
0.832689
0.829894
0.828008
0.826066
0.824153
0.822361
0.820623
0.818474
0.816745
0.815013
0.812808
0.811249
0.80915
0.807043
0.805224
0.803092
0.800997
0.799131
0.797034
0.795272
0.793569
0.792022
0.790352
0.788766
0.787169
0.785244
0.783487
0.781775
0.780151
0.778587
0.777059
0.775535
0.77397
0.772155
0.77059
0.768824
0.766954
0.765123
0.763523
0.76199
0.760523
0.758964
0.757271
0.755773
0.754106
0.75261
0.75115
0.74957
0.748099
0.746347
0.744769
0.74329
0.74183
0.740453
0.739063
0.737693
0.736328
0.734918
0.733505
0.731554
0.730135
0.728783
0.72727
0.725288
0.723223
0.721362
0.719735
0.718439
0.716921
0.71548
0.713939
0.712561
0.711183
0.709776
0.708414
0.707089
0.705968
0.704695
0.703261
0.702101
0.700939
0.69942
0.698079
0.696641
0.695064
0.693786
0.692466
0.69064
0.689425
0.688192
0.686952
0.685751
0.684546
0.683362
0.682206
0.681033
0.67969
0.677923
0.676416
0.674528
0.673121
0.671714
0.670445
0.669292
0.6678
0.666316
0.665093
0.66392
0.662701
0.661352
0.659767
0.658732
0.657637
0.656604
0.655565
0.65456
0.653474
0.65248
0.651085
0.64968
0.648468
0.647475
0.646342
0.645229
0.644157
0.642592
0.641314
0.640082
0.638899
0.637738
0.636687
0.635688
0.634675
0.633613
0.63247
0.631487
0.630479
0.629527
0.62818
0.626755
0.625556
0.624334
0.622987
0.621662
0.620589
0.619495
0.618506
0.617482
0.61655
0.615386
0.614268
0.613025
0.61204
0.610998
0.610076
0.60914
0.608166
0.606992
0.605987
0.605001
0.603862
0.602737
0.601748
0.600315
0.599162
0.597914
0.596906
0.595944
0.594966
0.593969
0.593065
0.592155
0.591171
0.590102
0.589215
0.588343
0.586965
0.586058
0.585098
0.583714
0.582378
0.581023
0.580069
0.579068
0.578145
0.577318
0.576252
0.57523
0.574297
0.573245
0.57181
0.570774
0.569879
0.569091
0.568108
0.5672
0.56637
0.565596
0.564493
0.563566
0.562676
0.561662
0.560477
0.559158
0.558081
0.556894
0.555569
0.554403
0.553182
0.5521
0.551147
0.550288
0.549461
0.548731
0.547953
0.546804
0.545974
0.544868
0.543855
0.542894
0.541848
0.541045
0.539916
0.53896
0.538176
0.537427
0.536644
0.535525
0.534754
0.533996
0.532881
0.53184
0.531032
0.53012
0.529053
0.527964
0.52694
0.525923
0.524926
0.52416
0.523325
0.522597
0.521832
0.521123
0.520312
0.519642
0.518951
0.518274
0.517578
0.516721
0.516029
0.515206
0.514509
0.513812
0.513083
0.512165
0.511193
0.510493
0.509736
0.509012
0.508161
0.50737
0.50616
0.505422
0.504584
0.503809
0.503107
0.502441
0.501685
0.500937
0.499757
0.498775
0.497819
0.49713
0.49635
0.495533
0.494809
0.494178
0.493538
0.49279
0.49209
0.491328
0.490337
0.489422
0.488581
0.487753
0.487026
0.486167
0.485478
0.484536
0.483654
0.482784
0.481933
0.48123
0.480589
0.479973
0.47914
0.478273
0.477416
0.476437
0.475615
0.474671
0.473836
0.473162
0.472559
0.471826
0.471228
0.470644
0.470052
0.469059
0.468228
0.467476
0.466623
0.465903
0.464929
0.464117
0.463335
0.462661
0.462071
0.461416
0.460785
0.460195
0.459382
0.458699
0.458043
0.457423
0.45663
0.455896
0.455284
0.454671
0.454046
0.453517
0.452917
0.452237
0.451479
0.450779
0.45006
0.449226
0.448506
0.447853
0.447249
0.446626
0.445946
0.445127
0.444385
0.443532
0.44274
0.441987
0.441442
0.440824
0.440151
0.43947
0.438929
0.438409
0.437791
0.437126
0.436539
0.436
0.435443
0.434849
0.434169
0.433516
0.432652
0.431873
0.431167
0.430637
0.430071
0.429572
0.429001
0.428431
0.427858
0.427339
0.426772
0.426269
0.425758
0.424994
0.424262
0.423572
0.422937
0.422395
0.421619
0.421049
0.420557
0.420007
0.419246
0.418578
0.417861
0.41714
0.416384
0.415832
0.415187
0.414657
0.414102
0.413491
0.412912
0.412302
0.411714
0.411081
0.410286
0.409478
0.408727
0.408014
0.407514
0.407043
0.406484
0.405984
0.405478
0.404923
0.40426
0.403501
0.402797
0.40197
0.40131
0.400574
0.400037
0.399398
0.398851
0.398275
0.397671
0.397202
0.396639
0.395925
0.395222
0.394652
0.394116
0.393651
0.393209
0.392641
0.391932
0.39135
0.390909
0.390458
0.389976
0.38953
0.388831
0.388307
0.387727
0.387124
0.386624
0.386093
0.385583
0.385052
0.384521
0.383911
0.383389
0.382785
0.382221
0.381434
0.380776
0.380134
0.379554
0.379027
